# 0, 303
0,116,57,82,6,45,44,88,64,13,54,44,37,19,10,17,59,13,4,15,17,6,6,28,19,9,44,10,31,16
116,0,303,238,4,42,118,255,180,47,263,26,12,32,7,8,59,15,19,21,17,5,4,23,17,7,20,10,26,9
57,303,0,92,3,22,37,170,247,16,272,26,19,22,1,19,19,12,5,9,7,5,3,11,12,4,6,9,16,13
82,238,92,0,6,20,64,173,82,34,64,50,11,31,8,55,127,10,4,18,11,5,7,21,45,2,19,16,25,21
6,4,3,6,0,27,0,3,1,3,3,3,0,0,1,2,2,2,6,3,0,1,0,0,0,0,1,0,3,0
45,42,22,20,27,0,35,49,25,14,24,12,4,42,0,10,11,5,18,16,6,0,1,6,2,3,14,1,24,9
44,118,37,64,0,35,0,176,48,84,41,9,24,110,5,18,61,39,36,76,15,6,7,17,15,12,26,21,20,20
88,255,170,173,3,49,176,0,146,62,137,27,22,90,12,30,124,43,14,46,42,5,7,23,18,11,15,26,71,17
64,180,247,82,1,25,48,146,0,12,274,13,5,26,2,6,32,10,7,7,18,4,0,4,1,8,7,3,16,5
13,47,16,34,3,14,84,62,12,0,19,15,21,61,2,12,34,12,5,22,4,6,6,10,7,8,10,11,14,14
54,263,272,64,3,24,41,137,274,19,0,16,6,15,2,7,20,4,12,6,11,2,0,8,3,0,5,3,10,2
44,26,26,50,3,12,9,27,13,15,16,0,7,20,2,42,13,10,0,5,5,6,6,7,7,5,12,5,7,20
37,12,19,11,0,4,24,22,5,21,6,7,0,35,5,18,48,39,3,10,9,20,36,88,39,29,20,57,9,15
19,32,22,31,0,42,110,90,26,61,15,20,35,0,3,35,31,28,15,100,22,3,8,24,11,11,29,26,27,54
10,7,1,8,1,0,5,12,2,2,2,2,5,3,0,1,9,1,0,2,3,0,0,2,0,0,0,1,2,0
17,8,19,55,2,10,18,30,6,12,7,42,18,35,1,0,26,15,3,13,8,2,4,11,32,5,6,13,10,29
59,59,19,127,2,11,61,124,32,34,20,13,48,31,9,26,0,41,8,18,26,4,11,28,16,14,12,32,27,10
13,15,12,10,2,5,39,43,10,12,4,10,39,28,1,15,41,0,5,13,10,11,6,17,5,7,6,21,12,4
4,19,5,4,6,18,36,14,7,5,12,0,3,15,0,3,8,5,0,15,8,2,1,2,2,7,8,3,14,0
15,21,9,18,3,16,76,46,7,22,6,5,10,100,2,13,18,13,15,0,17,10,7,11,7,7,10,7,30,15
17,17,7,11,0,6,15,42,18,4,11,5,9,22,3,8,26,10,8,17,0,1,0,6,1,9,7,8,42,1
6,5,5,5,1,0,6,5,4,6,2,6,20,3,0,2,4,11,2,10,1,0,19,27,16,73,8,36,0,12
6,4,3,7,0,1,7,7,0,6,0,6,36,8,0,4,11,6,1,7,0,19,0,63,7,58,4,50,6,5
28,23,11,21,0,6,17,23,4,10,8,7,88,24,2,11,28,17,2,11,6,27,63,0,26,54,30,42,5,21
19,17,12,45,0,2,15,18,1,7,3,7,39,11,0,32,16,5,2,7,1,16,7,26,0,9,12,13,2,49
9,7,4,2,0,3,12,11,8,8,0,5,29,11,0,5,14,7,7,7,9,73,58,54,9,0,19,54,5,7
44,20,6,19,1,14,26,15,7,10,5,12,20,29,0,6,12,6,8,10,7,8,4,30,12,19,0,18,8,4
10,10,9,16,0,1,21,26,3,11,3,5,57,26,1,13,32,21,3,7,8,36,50,42,13,54,18,0,6,14
31,26,16,25,3,24,20,71,16,14,10,7,9,27,2,10,27,12,14,30,42,0,6,5,2,5,8,6,0,2
16,9,13,21,0,9,20,17,5,14,2,20,15,54,0,29,10,4,0,15,1,12,5,21,49,7,4,14,2,0
